00101111
00101111
00100000
11000010
10101110
00001010
01100011
01101111
01101110
01110011
01110100
00100000
01100110
01110011
00100000
00111101
00100000
01110010
01100101
01110001
01110101
01101001
01110010
01100101
00101000
00100111
01100110
01110011
00100111
00101001
00111011
00001010
01100011
01101111
01101110
01110011
01110100
00100000
01110101
01110100
01101001
01101100
00100000
00111101
00100000
01110010
01100101
01110001
01110101
01101001
01110010
01100101
00101000
00100111
01110101
01110100
01101001
01101100
00100111
00101001
00111011
00001010
01100011
01101111
01101110
01110011
01110100
00100000
01110000
01100001
01110100
01101000
00100000
00111101
00100000
01110010
01100101
01110001
01110101
01101001
01110010
01100101
00101000
00100111
01110000
01100001
01110100
01101000
00100111
00101001
00111011
00001010
00001010
01100011
01101111
01101110
01110011
01110100
00100000
01110010
01100101
01100001
01100100
00100000
00111101
00100000
01110101
01110100
01101001
01101100
00101110
01110000
01110010
01101111
01101101
01101001
01110011
01101001
01100110
01111001
00101000
01100110
01110011
00101110
01110010
01100101
01100001
01100100
01000110
01101001
01101100
01100101
00101001
00111011
00001010
00001010
00101000
01100001
01110011
01111001
01101110
01100011
00100000
00101000
00101001
00100000
00111101
00111110
00100000
01111011
00001010
00100000
00100000
01100011
01101111
01101110
01110011
01110100
00100000
01110101
01110100
01100110
00110001
00110110
01000110
01101001
01101100
01100101
00100000
00111101
00100000
01100001
01110111
01100001
01101001
01110100
00100000
01110010
01100101
01100001
01100100
00101000
01110000
01100001
01110100
01101000
00101110
01110010
01100101
01110011
01101111
01101100
01110110
01100101
00101000
01011111
01011111
01100100
01101001
01110010
01101110
01100001
01101101
01100101
00101100
00100000
00100111
00101110
00101110
00100111
00101100
00100000
00100111
01100010
01101001
01101110
01100001
01110010
01111001
01000110
01101001
01101100
01100101
00101101
01110101
01110100
01100110
00101101
00110001
00110110
00101110
01101010
01110011
00100111
00101001
00101001
00111011
00001010
00100000
00100000
01100011
01101111
01101110
01110011
01110100
00100000
01100011
01110101
01110010
01110010
01100101
01101110
01110100
00100000
00111101
00100000
01100001
01110111
01100001
01101001
01110100
00100000
01110010
01100101
01100001
01100100
00101000
01011111
01011111
01100110
01101001
01101100
01100101
01101110
01100001
01101101
01100101
00101001
00111011
00001010
00001010
00100000
00100000
01100110
01101111
01110010
00100000
00101000
01101100
01100101
01110100
00100000
01101001
00100000
00111101
00100000
00110000
00111011
00100000
01101001
00100000
00111100
00100000
01100011
01110101
01110010
01110010
01100101
01101110
01110100
00101110
01101100
01100101
01101110
01100111
01110100
01101000
00111011
00100000
01101001
00101011
00101011
00101001
00100000
01111011
00001010
00100000
00100000
00100000
00100000
01100011
01101111
01101110
01110011
01101111
01101100
01100101
00101110
01101100
01101111
01100111
00101000
01100011
01110101
01110010
01110010
01100101
01101110
01110100
01011011
01101001
01011101
00101110
01110100
01101111
01010011
01110100
01110010
01101001
01101110
01100111
00101000
00110010
00101001
00101110
01110000
01100001
01100100
01010011
01110100
01100001
01110010
01110100
00101000
00111000
00101100
00100000
00100111
00110000
00100111
00101001
00101001
00111011
00001010
00100000
00100000
01111101
00001010
01111101
00101001
00101000
00101001
00111011
00001010
00001010
